24 0.2796875 0.56484375 0.00859375 0.01875
11 0.28046875 0.5453125 0.00859375 0.01796875
34 0.75078125 0.575 0.0328125 0.05546875
34 0.0921875 0.5796875 0.0125 0.040625
4 0.14375 0.53984375 0.0109375 0.021875
4 0.2859375 0.56796875 0.0046875 0.0125
27 0.17421875 0.64921875 0.01328125 0.03125
27 0.196875 0.64609375 0.0109375 0.028125
27 0.2609375 0.6328125 0.00859375 0.025
27 0.26875 0.6375 0.0109375 0.01328125
6 0.35546875 0.59375 0.00625 0.0171875
6 0.41328125 0.584375 0.00546875 0.0140625
