24 0.440625 0.5703125 0.00625 0.0109375
11 0.38984375 0.57578125 0.01015625 0.0203125
27 0.18515625 0.82265625 0.0453125 0.1421875
27 0.25859375 0.76875 0.03046875 0.08828125
27 0.34609375 0.70390625 0.021875 0.05546875
27 0.37578125 0.67890625 0.0140625 0.0453125
27 0.0421875 0.76875 0.0296875 0.0703125
27 0.1328125 0.7359375 0.0265625 0.065625
27 0.19921875 0.70625 0.0234375 0.065625
27 0.24140625 0.6859375 0.02109375 0.03828125
27 0.2671875 0.6765625 0.01640625 0.03828125
27 0.29921875 0.6609375 0.0140625 0.0421875
27 0.31640625 0.6546875 0.0125 0.028125
27 0.3375 0.628125 0.009375 0.02578125
27 0.31953125 0.634375 0.009375 0.028125
27 0.3171875 0.7203125 0.021875 0.07265625
27 0.365625 0.68828125 0.015625 0.046875
27 0.35625 0.63515625 0.00625 0.02109375
27 0.3546875 0.6234375 0.0046875 0.02109375
